45 20
59 59 59 59 59 59 59 59 59 59 59 59 59 59 59 59 59 59 59 59 59 59 59 59 59 59 59 59 59 59 59 59 59 59 59 59 59 59 59 59 59 59 59 59 59
59 7 7 7 7 7 7 7 7 7 7 7 7 7 7 7 7 7 7 7 7 7 7 7 7 7 7 7 7 7 7 7 7 7 7 7 7 7 7 7 7 7 7 7 59
59 7 7 7 7 7 7 7 7 7 7 7 7 7 7 7 7 7 7 7 7 7 7 7 7 7 7 7 7 7 7 7 7 7 7 7 7 7 7 7 7 7 7 7 59
59 7 7 7 7 7 7 7 7 7 7 7 7 7 7 7 7 7 7 7 7 7 7 7 7 7 7 7 7 7 7 7 7 7 7 7 7 7 7 7 7 7 7 7 59
59 7 7 7 7 7 7 7 7 7 7 7 7 7 7 7 7 7 7 7 7 7 7 7 7 7 7 7 7 7 7 7 7 7 7 7 7 7 7 7 7 7 7 7 59
59 7 7 7 7 7 7 7 7 7 7 7 7 7 7 7 7 7 7 7 7 7 7 7 7 7 7 7 7 7 7 7 7 7 7 7 7 7 7 7 7 7 7 7 59
59 7 7 7 7 7 7 7 7 7 7 7 7 7 7 7 7 7 7 7 7 7 7 7 7 7 7 7 7 7 7 7 7 7 7 7 7 7 7 7 7 7 7 7 59
59 7 7 7 7 7 7 7 7 7 7 7 7 7 7 7 7 7 7 7 7 7 7 7 7 7 7 7 7 7 7 7 7 15 7 7 7 7 7 7 7 7 7 7 59
59 7 7 7 7 7 7 7 7 7 7 7 7 7 7 7 7 7 7 7 7 7 7 7 7 7 7 7 7 7 9 10 10 23 7 7 7 7 7 7 7 7 7 7 59
59 7 7 7 7 7 7 7 7 7 7 7 7 7 7 7 7 7 7 7 7 7 7 7 7 7 7 7 7 7 15 7 7 7 7 7 7 4 10 10 10 5 7 7 59
59 7 7 7 7 7 7 7 7 7 7 7 7 7 7 7 7 7 7 7 7 7 14 7 7 7 7 7 10 10 23 7 7 7 7 7 7 7 7 7 7 7 7 7 59
59 7 7 7 7 7 7 7 7 7 7 7 7 7 7 7 7 7 7 7 7 7 15 7 7 7 7 7 7 7 7 7 7 7 7 7 7 7 7 7 7 7 7 7 59
59 7 7 7 7 7 7 7 7 7 7 7 7 7 7 7 7 7 7 7 7 7 15 7 7 7 4 11 7 7 7 7 7 7 7 7 7 7 7 7 7 7 7 7 59
59 7 7 7 7 7 7 7 7 7 7 7 7 7 7 7 7 7 7 7 7 9 23 7 7 7 7 7 7 7 7 7 7 7 7 7 7 7 7 7 7 7 7 7 59
59 7 7 7 7 7 7 7 9 7 10 10 10 10 10 10 11 7 9 22 22 23 7 7 7 7 7 7 7 7 7 7 7 7 7 7 7 7 7 7 7 7 7 7 59
59 7 7 7 7 7 7 7 15 7 7 7 7 7 7 7 17 7 15 7 7 7 7 7 7 7 7 7 7 7 7 7 7 7 7 7 7 7 7 7 7 7 7 7 59
7 7 7 7 7 7 7 14 15 7 7 7 7 7 7 7 17 7 15 7 7 7 7 7 7 7 7 7 7 7 7 7 7 7 7 7 7 7 7 7 7 7 7 7 7
7 7 7 7 7 7 9 23 15 10 7 7 7 7 7 7 17 7 15 7 7 7 7 7 7 7 7 7 7 7 7 7 7 7 7 7 7 7 7 7 7 7 7 7 7
10 10 10 10 10 10 10 10 10 10 10 10 10 10 22 22 22 22 22 22 10 10 10 10 10 10 10 10 10 10 10 10 10 10 10 10 10 10 10 10 10 10 10 10 10
7 7 7 7 7 7 7 7 7 7 7 7 7 7 7 7 7 7 7 7 7 7 7 7 7 7 7 7 7 7 7 7 7 7 7 7 7 7 7 7 7 7 7 7 7